[Default_6.0]
param19=25
param22=100
param5=0
param9=8
param6=14
param7=0
param21=100
param81=1
param8=10
param10=0
param11=0
param13=6
param14=4
param15=2
param16=4
param2=5
param4=0
param12=-2
param70=4
param18=6
param1=4
[Default_6.0_unpacked]
param22=100
[I Logic V 3.78]
__coloradjust=1.00000000 0 0 0 256 192
[I Logic V 3.80 Big]
__coloradjust=1.00000000 0 0 -3 256 192
[__def_unsaved]
__coloradjust=1.00000000 0 0 0 256 192
param9=0
param19=25
param4=1
param6=7
param8=2
param13=6
[I Logic V 3.85]
__coloradjust=1.00000000 0 0 0 256 192
[I Logic V 3.85 Big]
__coloradjust=1.00000000 0 0 0 256 192
[I Logic Ultimate]
__coloradjust=1.00000000 0 0 0 256 192
param9=0
param5=8
param18=7
param15=0
param13=0
param6=0
param7=0
param8=8
param10=0
param22=100
param33=15
param34=2
param35=6
param37=3
param39=2
param38=4
param36=2
param19=25
param11=1
param14=0
param12=1
param16=0
param60=0
param61=0
param62=0
param63=0
param66=0
param64=0
param57=0
param41=2
param40=1
param4=5
param17=2
param3=2
param20=6
param26=2
param27=1
param28=1
param56=2
param2=3
param23=1
param21=6
param1=4
I Logic Ultimate=0
param25=2
param0=2
param30=1
param29=1
[I Logic eXtended]
__coloradjust=1.00000000 0 0 0 256 192
[New Theme]
__coloradjust=1.00000000 0 0 0 256 192
[I Logic Ultimate V6]
param9=0
param19=56
__coloradjust=1.00000000 0 0 0 256 192
param5=0
[Smooth_6]
param19=25
param22=100
param5=0
param6=4
param7=0
param8=0
param9=1
param10=0
param11=0
param12=1
[Smooth_6_Windows]
param1=4
param2=4
param6=0
param5=0
param7=0
param9=0
param10=0
[I Logic Ultimate Laptop]
__coloradjust=1.00000000 0 0 0 256 192
param19=303
param22=100
param6=0
param5=0
param18=6
param47=5
param9=0
param14=0
param7=0
param8=0
param10=0
param11=0
param12=0
param39=7
param38=1
param36=15
param37=4
param35=4
param34=4
param13=0
param15=0
param16=0
param20=0
param23=100
param17=2
param4=3
[I Logic Ultimate Laptop Dark]
__coloradjust=1.00000000 0 0 0 256 192
[Flat Madness 3.1c Black]
min_fxlist=35
hideall=2
trans_position=1
mcpdbscales=2
dbscales=1
folder_recarms_mixer=1
folder_recarms=1
meter_position=1
pan_type=2
[I Logic Ultimate V1.0]
__coloradjust=1.00000000 0 0 0 256 192
param22=100
param27=3
param26=0
param28=3
param3=1
param23=100
param19=25
param16=8
param5=8
param6=12
param7=8
param8=8
param9=9
param10=0
param11=12
param12=9
param13=10
param4=6
param18=5
[I Logic 2.7]
__coloradjust=1.00000000 0 0 0 256 192
[Reapertips Theme]
param22=100
param19=116
param2=5
param79=2
param6=0
param15=0
param13=0
param7=0
param9=0
param10=0
param11=0
param18=6
param3=1
param20=5
param4=3
param17=2
param81=1
tcp_dim_strength=30
colored_track_name=0
tcp_tint_strength=100
param8=3
tcp_show_side_buttons=0
tcp_list_row_h=15
tcp_parm_section_width=65
tcp_send_num_columns=1
tcp_swap_fx_io=0
tcp_show_fixed_lanes=1
master_mcp_hide_icon=0
mcp_separator_w=25
param30=1
param36=0
param39=0
param45=2
tcp_dual_pan_align=1
param25=0
param28=15
param49=1
param62=0
param76=1
font100_list=0
__coloradjust=0.98800000 6 3 -6 320 192
param26=2
param27=0
param29=2
param78=1
param1=5
param21=6
param23=7
param24=1
param77=5
param71=1
